100  1  0.004174
100  1  0.004818
100  1  0.004774
100  1  0.004221
100  1  0.004156
100  1  0.004136
100  1  0.004139
100  1  0.004849
100  1  0.004170
100  1  0.004137
100  4  0.007184
100  4  0.006855
100  4  0.006835
100  4  0.007056
100  4  0.006879
100  4  0.006340
100  4  0.007458
100  4  0.006274
100  4  0.007158
100  4  0.006849
100  9  
100  9  
100  9  
100  9  
100  9  
100  9  
100  9  
100  9  
100  9  
100  9  
100  16  0.047983
100  16  0.061252
100  16  0.049018
100  16  0.045870
100  16  0.040070
100  16  0.050788
100  16  0.049703
100  16  0.053308
100  16  0.035581
100  16  0.055638
100  25  0.053613
100  25  0.042358
100  25  0.090707
100  25  0.051600
100  25  0.085557
100  25  0.077535
100  25  0.081259
100  25  0.047368
100  25  0.054520
100  25  0.098667
100  36  
100  36  
100  36  
100  36  
100  36  
100  36  
100  36  
100  36  
100  36  
100  36  
100  49  
100  49  
100  49  
100  49  
100  49  
100  49  
100  49  
100  49  
100  49  
100  49  
100  64  
100  64  
100  64  
100  64  
100  64  
100  64  
100  64  
100  64  
100  64  
100  64  
200  1  0.014953
200  1  0.017731
200  1  0.014857
200  1  0.014765
200  1  0.014780
200  1  0.014777
200  1  0.017814
200  1  0.014824
200  1  0.017842
200  1  0.017765
200  4  0.015052
200  4  0.015262
200  4  0.015849
200  4  0.015668
200  4  0.015620
200  4  0.014938
200  4  0.015427
200  4  0.014733
200  4  0.014917
200  4  0.016282
200  9  
200  9  
200  9  
200  9  
200  9  
200  9  
200  9  
200  9  
200  9  
200  9  
200  16  0.043162
200  16  0.062610
200  16  0.038878
200  16  0.037282
200  16  0.052325
200  16  0.062023
200  16  0.053848
200  16  0.038488
200  16  0.053819
200  16  0.085361
200  25  0.063161
200  25  0.069250
200  25  0.116891
200  25  14.087807
200  25  0.058407
200  25  0.091710
200  25  0.061191
200  25  0.086660
200  25  0.089841
200  25  0.083390
200  36  
200  36  
200  36  
200  36  
200  36  
200  36  
200  36  
200  36  
200  36  
200  36  
200  49  
200  49  
200  49  
200  49  
200  49  
200  49  
200  49  
200  49  
200  49  
200  49  
200  64  0.073147
200  64  0.064556
200  64  0.068169
200  64  0.085600
200  64  4.336105
200  64  4.402918
200  64  4.393283
200  64  9.220511
200  64  9.758017
200  64  0.089513
400  1  0.116246
400  1  0.119555
400  1  0.115203
400  1  0.114783
400  1  0.115541
400  1  0.101506
400  1  0.094087
400  1  0.115083
400  1  0.094298
400  1  0.094122
400  4  0.060876
400  4  0.060674
400  4  0.058221
400  4  0.058093
400  4  0.059335
400  4  0.060339
400  4  0.058211
400  4  0.058171
400  4  0.061350
400  4  0.058023
400  9  
400  9  
400  9  
400  9  
400  9  
400  9  
400  9  
400  9  
400  9  
400  9  
400  16  0.097154
400  16  0.095815
400  16  0.096018
400  16  0.109096
400  16  0.089562
400  16  0.085217
400  16  0.095590
400  16  0.096169
400  16  0.078210
400  16  0.114865
400  25  0.120128
400  25  5.035097
400  25  0.115042
400  25  0.100548
400  25  0.109717
400  25  0.127895
400  25  0.112433
400  25  0.158629
400  25  0.095461
400  25  6.171449
400  36  
400  36  
400  36  
400  36  
400  36  
400  36  
400  36  
400  36  
400  36  
400  36  
400  49  
400  49  
400  49  
400  49  
400  49  
400  49  
400  49  
400  49  
400  49  
400  49  
400  64  0.624709
400  64  0.152236
400  64  0.639675
400  64  0.536554
400  64  0.125283
400  64  4.887572
400  64  9.520249
400  64  10.356909
400  64  0.563350
400  64  5.067806
600  1  0.310238
600  1  0.344798
600  1  0.305487
600  1  0.351304
600  1  0.352616
600  1  0.350326
600  1  0.350247
600  1  0.350164
600  1  0.351710
600  1  0.351741
600  4  0.132569
600  4  0.129673
600  4  0.131067
600  4  0.132906
600  4  0.133437
600  4  0.133072
600  4  0.129828
600  4  0.133984
600  4  0.133538
600  4  0.133136
600  9  0.173371
600  9  0.190618
600  9  0.199150
600  9  0.193246
600  9  0.177517
600  9  0.187005
600  9  0.200098
600  9  0.177773
600  9  0.204777
600  9  0.200477
600  16  0.148713
600  16  0.169895
600  16  0.149170
600  16  0.150832
600  16  0.149712
600  16  0.152460
600  16  2.039986
600  16  0.751757
600  16  0.150159
600  16  0.150846
600  25  0.187225
600  25  0.152489
600  25  0.190566
600  25  0.160381
600  25  0.181948
600  25  6.351584
600  25  0.193001
600  25  0.795534
600  25  1.592803
600  25  3.429583
600  36  1.429650
600  36  0.165170
600  36  0.225662
600  36  0.212345
600  36  0.194552
600  36  0.194150
600  36  0.194027
600  36  0.168288
600  36  0.221031
600  36  0.158851
600  49  
600  49  
600  49  
600  49  
600  49  
600  49  
600  49  
600  49  
600  49  
600  49  
600  64  5.836447
600  64  0.677267
600  64  6.276622
600  64  6.073039
600  64  0.695433
600  64  0.671199
600  64  1.302505
600  64  2.333330
600  64  10.498240
600  64  6.073439
800  1  0.856894
800  1  0.710007
800  1  0.854419
800  1  0.834453
800  1  0.859966
800  1  0.856477
800  1  0.695105
800  1  0.854785
800  1  0.756282
800  1  0.854836
800  4  0.295952
800  4  0.295192
800  4  0.294762
800  4  0.277310
800  4  0.278396
800  4  0.296387
800  4  0.289434
800  4  0.300730
800  4  0.283738
800  4  0.288186
800  9  
800  9  
800  9  
800  9  
800  9  
800  9  
800  9  
800  9  
800  9  
800  9  
800  16  0.260878
800  16  0.237145
800  16  0.241975
800  16  0.256332
800  16  0.223421
800  16  0.260039
800  16  0.232366
800  16  0.250114
800  16  0.249232
800  16  0.241699
800  25  0.250014
800  25  0.269917
800  25  0.256934
800  25  0.334434
800  25  0.263733
800  25  0.354021
800  25  0.264187
800  25  0.286090
800  25  0.268760
800  25  0.259059
800  36  
800  36  
800  36  
800  36  
800  36  
800  36  
800  36  
800  36  
800  36  
800  36  
800  49  
800  49  
800  49  
800  49  
800  49  
800  49  
800  49  
800  49  
800  49  
800  49  
800  64  0.338158
800  64  0.317829
800  64  0.305097
800  64  0.909650
800  64  4.784118
800  64  0.323404
800  64  10.596716
800  64  4.599624
800  64  15.611197
800  64  2.466553
1000  1  2.804477
1000  1  2.808814
1000  1  2.805069
1000  1  2.821580
1000  1  2.846408
1000  1  2.733439
1000  1  2.822520
1000  1  2.797144
1000  1  2.730165
1000  1  2.726590
1000  4  0.479040
1000  4  0.495075
1000  4  0.504753
1000  4  0.495160
1000  4  0.506442
1000  4  0.506441
1000  4  0.501797
1000  4  0.424764
1000  4  0.423842
1000  4  0.470911
1000  9  
1000  9  
1000  9  
1000  9  
1000  9  
1000  9  
1000  9  
1000  9  
1000  9  
1000  9  
1000  16  0.360235
1000  16  0.340996
1000  16  0.336002
1000  16  0.340522
1000  16  0.337031
1000  16  0.350032
1000  16  0.390343
1000  16  0.332044
1000  16  0.346920
1000  16  0.378705
1000  25  0.366237
1000  25  0.397939
1000  25  0.390384
1000  25  0.371888
1000  25  0.366230
1000  25  0.388972
1000  25  0.377542
1000  25  0.369721
1000  25  0.368446
1000  25  0.385383
1000  36  
1000  36  
1000  36  
1000  36  
1000  36  
1000  36  
1000  36  
1000  36  
1000  36  
1000  36  
1000  49  
1000  49  
1000  49  
1000  49  
1000  49  
1000  49  
1000  49  
1000  49  
1000  49  
1000  49  
1000  64  0.424921
1000  64  0.527449
1000  64  0.457804
1000  64  0.415935
1000  64  0.482679
1000  64  0.494479
1000  64  0.472392
1000  64  27.490875
1000  64  11.673622
1000  64  0.462612
1200  1  5.177597
1200  1  4.892726
1200  1  5.110984
1200  1  5.155149
1200  1  5.015270
1200  1  5.150453
1200  1  4.940630
1200  1  5.084227
1200  1  4.924590
1200  1  4.909823
1200  4  0.832875
1200  4  0.823735
1200  4  0.808364
1200  4  0.806194
1200  4  0.837947
1200  4  0.826822
1200  4  0.840485
1200  4  0.856003
1200  4  0.811230
1200  4  0.834537
1200  9  0.688060
1200  9  0.659082
1200  9  0.622283
1200  9  0.617178
1200  9  0.691028
1200  9  0.619302
1200  9  0.641977
1200  9  0.705776
1200  9  0.670286
1200  9  0.694587
1200  16  0.621013
1200  16  1.764225
1200  16  0.636427
1200  16  0.644753
1200  16  0.667796
1200  16  0.607473
1200  16  0.756783
1200  16  0.637229
1200  16  0.648551
1200  16  0.617011
1200  25  0.489005
1200  25  0.465727
1200  25  0.500131
1200  25  0.528053
1200  25  0.494328
1200  25  0.468635
1200  25  0.505958
1200  25  0.505921
1200  25  0.479405
1200  25  0.503754
1200  36  0.470132
1200  36  0.472741
1200  36  0.496489
1200  36  0.486705
1200  36  0.487545
1200  36  0.511363
1200  36  0.464124
1200  36  0.500182
1200  36  0.507818
1200  36  0.478387
1200  49  
1200  49  
1200  49  
1200  49  
1200  49  
1200  49  
1200  49  
1200  49  
1200  49  
1200  49  
1200  64  0.584203
1200  64  0.529128
1200  64  37.910226
1200  64  0.593130
1200  64  4.127271
1200  64  3.743787
1200  64  6.102802
1200  64  2.653131
1200  64  2.819599
1200  64  2.150327
1440  1  8.689804
1440  1  8.844791
1440  1  8.819605
1440  1  8.988303
1440  1  8.802296
1440  1  8.497190
1440  1  8.899869
1440  1  8.964612
1440  1  9.000811
1440  1  8.934774
1440  4  1.484876
1440  4  1.553979
1440  4  1.415681
1440  4  1.399892
1440  4  1.552101
1440  4  1.454055
1440  4  1.460122
1440  4  1.523555
1440  4  1.500142
1440  4  1.508441
1440  9  0.995331
1440  9  0.981010
1440  9  0.993158
1440  9  0.982881
1440  9  0.969565
1440  9  1.011492
1440  9  0.968773
1440  9  0.983375
1440  9  0.977560
1440  9  0.958272
1440  16  0.787963
1440  16  1.491251
1440  16  0.771356
1440  16  0.779938
1440  16  1.149801
1440  16  0.815516
1440  16  1.272140
1440  16  0.782071
1440  16  0.780257
1440  16  1.289417
1440  25  1.214762
1440  25  0.870917
1440  25  1.297677
1440  25  0.882449
1440  25  0.836255
1440  25  0.867308
1440  25  0.954348
1440  25  0.883022
1440  25  0.857771
1440  25  1.285748
1440  36  0.679087
1440  36  0.659153
1440  36  0.649011
1440  36  0.879135
1440  36  0.647575
1440  36  0.640014
1440  36  0.664120
1440  36  0.655524
1440  36  0.705619
1440  36  0.785630
1440  49  
1440  49  
1440  49  
1440  49  
1440  49  
1440  49  
1440  49  
1440  49  
1440  49  
1440  49  
1440  64  1.255269
1440  64  1.142320
1440  64  24.260465
1440  64  0.738832
1440  64  6.602476
1440  64  7.267337
1440  64  6.708253
1440  64  4.372551
1440  64  3.971542
1440  64  4.203613
